#Accelerometer
accelerometer_noise_density: 0.0013021048310072453
accelerometer_random_walk: 3.054094648565942e-05

#Gyroscope
gyroscope_noise_density: 0.0005493929676241498
gyroscope_random_walk: 7.959473766837576e-06

rostopic: "/xsens/data_raw"
update_rate: 200
