[LEFT_CAM_FHD1200]
fx=734.789
fy=734.854
cx=930.358
cy=606.359
k1=-0.0107462
k2=-0.0354004
p1=-0.00023542
p2=0.000173096
k3=0.00980669

[RIGHT_CAM_FHD1200]
fx=736.993
fy=736.788
cx=966.632
cy=586.738
k1=-0.0137929
k2=-0.0310381
p1=-0.000356811
p2=-0.00015091
k3=0.00815849

[STEREO]
Baseline=119.702
TY=-0.191556
TZ=0.0527709
CV_FHD1200=0.00850346
RX_FHD1200=0.00270998
RZ_FHD1200=0.00116536
